Processing Time: 0.12859630584716797
Distance Matrix Time: 14.434892892837524
Calculate kth distance: 1.305924654006958
To Calculate the Neighbourhood: 1.7507390975952148
To Calculate the Local Reachable Density: 0.2992119789123535
To Calculate Local Outlier Factor:0.07005071640014648
915 21163.9294724
917 20590.567918
236 19864.6684117
637 19578.9973444
374 19514.5327736
95 18696.4234905
373 18686.9314326
818 17983.5030338
186 17773.2576512
247 17771.2674773
756 17495.4068548
163 17465.3394365
714 17260.7263141
887 17247.4619952
476 16682.6220132
710 16630.0476987
799 16575.4058
378 16522.8681685
606 16369.7562304
804 16317.3961044
507 16302.8929604
545 16225.5990319
63 16121.7246449
751 16022.9933415
26 16012.7886963
693 15989.2835971
54 15929.401228
430 15896.4782623
269 15837.5598797
316 15803.0578398
164 15787.3178699
29 15756.4497012
215 15706.7039461
990 15706.2909996
536 15694.1577248
629 15647.0926111
159 15618.0711646
969 15571.7622952
565 15563.1312366
677 15524.3586232
687 15432.3190094
763 15410.6123113
717 15336.9552459
648 15312.8760751
998 15278.3136664
744 15241.659595
976 15234.1321323
663 15216.5716266
481 15185.2852883
617 15169.8336657
89 15162.5196614
381 15104.0819957
274 15095.4442339
438 15095.4062321
760 15085.3625222
591 15077.136592
834 15076.2740721
605 15074.2149445
923 15071.6659623
734 15057.4077217
779 15037.7062875
296 15011.5166711
115 14995.5712183
187 14979.539423
4 14939.4367837
401 14927.7845971
967 14926.6442381
412 14926.6227005
916 14917.0443614
330 14908.108534
275 14904.2813313
435 14902.5854364
305 14874.0772227
11 14864.8582049
784 14863.2469715
424 14845.7145161
98 14834.4021295
434 14816.1051546
987 14771.658006
631 14705.830796
487 14693.7940434
937 14687.4197459
827 14676.2106897
956 14631.217442
622 14628.0496733
18 14624.9046569
530 14611.6655658
514 14587.2883305
225 14581.975543
581 14581.9143128
248 14580.9518697
392 14534.3612027
465 14477.2350129
264 14474.8905913
302 14471.8367985
749 14439.0262723
437 14404.2324504
440 14360.678447
211 14351.320911
191 14350.1392096
To print the outlier:0.0985720157623291
