Processing Time: 0.14211583137512207
Distance Matrix Time: 9.114255428314209
Calculate kth distance: 1.0797464847564697
To Calculate the Neighbourhood: 1.2308902740478516
To Calculate the Local Reachable Density: 0.35973525047302246
To Calculate Local Outlier Factor:0.09206342697143555
917 103122.459628
915 98832.9688139
236 98166.0172899
95 88748.5984802
637 88542.7994478
374 87972.3969684
373 86922.7312834
818 85237.9913724
887 81064.1337174
63 77273.9329085
714 76177.2275445
378 75841.8882362
186 72216.0701334
744 71710.0057303
381 69624.2825892
763 69594.847655
163 68824.5570159
431 68779.1132599
677 68183.561444
18 67940.003027
693 66764.8427868
756 66514.4645261
87 66167.483121
615 66086.8984276
272 65553.5055512
804 65445.1913388
736 65313.5487604
606 65235.6872774
760 64996.8462873
832 64812.605817
813 64589.4232084
536 64359.5044308
333 64301.6930308
213 64177.1433843
438 64072.6193969
274 64018.6549789
921 63894.1098699
29 63739.6183061
563 63503.3711385
105 63323.3816859
395 63127.555138
846 63008.3259753
430 62694.2887636
667 62661.8881681
134 62437.0427213
487 62285.5475835
227 62224.4041057
330 62169.5324817
672 62138.1949993
62 61903.8081834
226 61869.1889415
738 61096.0623528
157 61086.0005581
335 60863.3564162
854 60473.5599229
296 60342.755976
402 60276.2917453
617 60116.3324352
450 59910.7361556
268 59698.8029525
78 59603.3802782
967 59584.5408531
285 59513.0008978
629 59313.7878797
332 59199.2976069
883 59159.8415643
304 59016.2133523
779 58903.8680433
774 58863.0749586
13 58813.518129
953 58720.4523251
940 58500.9428279
657 58099.8081933
130 58020.7239961
392 57887.9425046
48 57873.2863499
205 57857.9323981
955 57848.2529899
417 57788.1942993
616 57758.6640095
902 57726.6064358
814 57599.7104025
507 57597.7254891
798 57478.4400984
805 57039.5234004
975 57018.511287
939 56993.8170053
237 56940.9527225
927 56913.3593703
293 56886.1903904
590 56791.2727428
680 56656.1544999
187 56639.330597
784 56586.7060725
908 56582.1791139
0 56539.7178449
998 56513.903615
179 56499.5881088
607 56467.8325487
278 56338.5998643
273 56266.6411106
715 56203.7479495
901 56145.9518802
75 56143.6958405
295 56118.2257355
1 56061.4555448
283 56009.8540063
292 55785.0306569
145 55685.3918712
807 55582.7251157
153 55577.7405606
973 55564.8458065
859 55558.5628513
446 55500.8247563
449 55479.5062203
808 55468.9268588
909 55449.4896502
938 55318.1159037
928 55271.3635126
882 55233.2794378
5 55207.8861249
822 55147.5437359
56 54996.7404637
796 54970.249002
294 54805.003235
728 54721.4080411
57 54719.4187458
903 54690.0600035
684 54619.0114687
881 54596.3066233
496 54471.3653808
376 54434.4988401
180 54418.1917101
379 54350.4661507
650 54293.4974211
22 54153.2965876
286 54086.2865361
899 54053.334714
255 54010.1149945
411 53964.5788901
210 53936.2329245
958 53928.4727664
291 53914.3628709
969 53838.2895327
653 53805.8638419
212 53787.4129492
326 53779.7875409
242 53778.751651
289 53766.8326326
924 53710.4155643
115 53705.9480444
655 53697.8843755
429 53683.5046935
971 53680.7291206
345 53638.9448874
456 53637.1484191
394 53634.5982632
8 53613.5645021
889 53606.8327053
175 53580.2061333
600 53542.7054006
388 53491.7133479
482 53449.6571484
491 53405.4305753
474 53385.8228712
945 53378.5392809
781 53324.5170038
448 53294.8642273
723 53278.3440701
541 53251.5683921
44 53238.7530747
812 53228.0279911
387 53206.6012992
678 53181.4517733
54 53159.2297904
545 53140.2215102
465 53125.9781468
137 53122.3706171
107 53117.6568176
787 53112.990717
589 53104.4753276
987 53046.2987656
664 53001.755868
17 52856.7550156
669 52856.7394902
96 52801.8349634
164 52793.9950535
780 52782.7078732
152 52778.8685975
42 52728.4228902
36 52716.600472
101 52678.0639187
888 52663.1416483
520 52641.4154589
895 52630.8235868
568 52593.5015829
870 52571.4412601
108 52538.4620526
451 52531.4712169
359 52494.4468611
To print the outlier:0.07555413246154785
