Processing Time: 0.1340947151184082
Distance Matrix Time: 12.74529480934143
Calculate kth distance: 1.2118892669677734
To Calculate the Neighbourhood: 1.6151163578033447
To Calculate the Local Reachable Density: 0.621971845626831
To Calculate Local Outlier Factor:0.1615889072418213
236 160888.841593
915 159402.005905
917 158363.329892
95 153634.331075
637 149922.878306
374 144661.078502
373 142618.226071
887 139201.233523
818 134464.120593
714 130794.834295
381 130573.495161
63 127893.009467
378 122622.22828
186 119027.52903
744 118690.417228
615 115288.079139
763 114220.406034
736 113800.42517
272 113507.510923
18 111886.78949
431 111799.929174
87 111667.09535
274 110284.816541
921 109314.168823
330 107600.96492
105 107285.263319
450 106856.726313
134 106632.56375
333 106581.665714
226 106070.607636
163 104898.207943
563 104746.758945
738 104453.258833
395 103797.595237
804 103362.991656
832 103295.202976
268 101825.88
438 101622.883423
672 101477.869652
227 101002.78841
677 100696.374798
536 100532.134427
846 99767.3183233
29 99736.8807778
927 99705.0990233
854 99213.8013235
881 98611.2262863
205 98581.1972244
953 98555.5483152
430 98515.6887142
808 98406.6461537
616 98378.8284607
902 98076.3662637
285 98061.7714535
784 97663.7079263
774 97660.171016
998 97006.6763091
56 96849.8019247
255 96208.9952934
812 95627.7993544
684 95281.9225613
756 95107.4704751
805 94511.6018126
78 94507.4024317
304 94405.3096568
130 94340.6553948
657 94255.825506
606 94165.9730363
75 94076.5585366
796 93929.577399
659 93905.9924883
487 93765.9984225
715 93523.8209365
48 93519.662085
326 93390.8937076
295 93381.0191954
44 93163.2326521
187 92983.6704356
668 92872.2636526
213 92501.4554008
11 92416.6384128
973 92343.3430118
417 92213.8488141
291 92174.638374
113 92062.050024
685 91874.9630181
332 91200.6584306
522 91025.3611933
387 90814.4555991
0 90763.7330767
8 90086.5831557
828 90006.3137996
693 89879.8405403
667 89838.5763207
980 89801.0868881
813 89622.7315682
629 89439.2641338
180 89387.0275051
814 89334.5914309
734 89286.4639368
62 89257.8226519
57 89099.4253568
137 89010.3228337
971 88844.2460348
645 88816.5548346
99 88557.2825958
889 88410.8185188
678 88325.440881
728 88029.1363193
17 87895.9856558
787 87850.907616
108 87772.9039055
549 87759.0274262
106 87701.4345411
779 87695.0159236
976 87691.2049386
999 87597.7934407
219 87466.5737844
665 87302.0472428
5 87054.1381724
1 87006.303761
237 86951.1507184
945 86836.447801
509 86800.1411647
444 86793.5216327
496 86423.7813209
590 86287.600829
541 86239.2195866
179 86198.5227377
607 86198.1837307
750 86135.0928368
402 86022.8806274
816 85999.6354016
538 85893.9500113
983 85880.5732533
136 85875.7977823
719 85822.9155024
107 85794.4535308
129 85792.6261329
194 85788.9000779
924 85765.5215803
360 85667.1649703
489 85567.2198459
35 85547.8807
175 85433.3076679
552 85423.2234533
624 85404.9145179
482 85400.0644923
908 85377.3681234
396 85354.408044
639 85266.6362613
191 85202.6219671
981 85183.9451549
622 85183.4583903
310 85143.0005367
294 85099.7839352
335 85066.4263361
32 84986.6431933
287 84948.475354
465 84755.1232029
54 84722.7228169
77 84722.1460025
568 84719.0671679
263 84661.4473066
293 84647.2586828
300 84639.149156
969 84628.0409266
123 84563.0157449
895 84465.0190405
115 84462.3654567
883 84391.5574185
807 84345.0692262
59 84304.3131321
507 84301.3926136
829 83987.5123614
525 83975.3444131
753 83938.9286105
116 83846.3052322
3 83719.00909
870 83683.3794066
153 83666.8261732
695 83659.3534716
375 83642.404582
868 83594.3435397
650 83329.3961723
653 83327.1011307
938 83292.8468219
780 83202.0295084
42 83071.3057321
880 83062.2125375
353 82916.1180755
397 82712.4400506
36 82705.949224
491 82618.6877758
723 82611.137781
112 82568.849553
43 82559.9829018
467 82548.7863774
569 82513.8970063
27 82472.4177093
706 82399.4080862
760 82347.2240629
517 82287.0455275
209 82277.2899519
278 82185.4521256
589 82023.711473
725 82012.7078938
371 81918.6775756
798 81863.8050101
940 81706.0798132
73 81701.5457902
781 81634.0122236
273 81622.0636345
815 81600.5567136
545 81595.8311639
208 81538.3204073
771 81389.8799301
231 81180.7151245
730 81137.7256373
343 81121.196182
967 81101.2397563
242 80857.1888245
939 80852.701267
554 80841.2943115
956 80753.5000365
301 80605.9993786
96 80472.2850318
70 80382.5401734
701 80343.5679852
51 80262.7379337
13 80176.6069095
93 80167.0288988
74 80095.3558713
411 80015.9518991
968 79931.5422952
296 79919.1868144
145 79899.5956696
560 79831.774137
888 79698.4276157
928 79691.3734623
157 79671.7355313
788 79615.5512616
683 79545.4831395
987 79526.0985393
266 79511.3605773
283 79496.0148697
986 79442.6331099
773 79346.6035289
286 79279.3759913
To print the outlier:0.0810537338256836
