Processing Time: 0.09556698799133301
Distance Matrix Time: 6.644783973693848
Calculate kth distance: 0.42730164527893066
To Calculate the Neighbourhood: 0.6494612693786621
To Calculate the Local Reachable Density: 0.24517345428466797
To Calculate Local Outlier Factor:0.060042381286621094
236 160718.450999
915 159225.313929
917 158237.711727
95 153479.539148
637 149749.173638
374 144517.97377
373 142479.44981
887 139054.776332
818 134333.0435
744 130755.287456
714 130671.735572
381 130464.540407
378 130337.184386
63 127756.787782
186 118954.731753
615 115185.722645
333 114618.615375
763 114128.582953
736 113710.634226
272 113409.346372
18 111793.578599
431 111710.89041
87 111580.544448
832 111128.432262
274 110198.319868
756 109326.131865
921 109219.453535
330 107534.000926
105 107198.529638
672 106877.931592
450 106774.484586
134 106544.058185
226 105984.557237
163 104817.633136
563 104670.281862
738 104422.844589
295 103775.942211
395 103726.614529
332 103702.657449
804 103281.780825
268 101774.332252
438 101525.204629
227 100972.625904
677 100608.997085
536 100462.89398
304 100135.638597
846 99715.6353538
29 99665.8824703
927 99650.9945477
854 99154.1303218
881 98576.6855572
205 98515.5131522
953 98480.1536206
430 98448.75831
808 98356.9694928
616 98315.8302198
902 98018.0547332
285 98001.85533
784 97615.5130176
774 97593.1950298
998 96875.4323333
56 96805.5191787
255 96155.308684
812 95556.28633
549 95507.1144121
684 95226.194514
242 95167.5432793
805 94458.541457
78 94456.9357315
130 94296.0266021
657 94209.2233658
606 94100.5899515
75 94010.7812116
796 93904.9886968
659 93882.7754125
487 93707.1222718
715 93503.5589602
48 93472.9392656
326 93358.5938675
44 93138.3195082
760 93063.3404965
187 92913.8850949
668 92817.2591168
938 92810.7196024
895 92523.9550722
213 92417.0863867
11 92349.0129074
973 92302.683725
417 92155.2600675
291 92118.2199996
113 92016.2103153
685 91829.0941812
522 90998.9847785
491 90996.6691889
387 90785.0837715
0 90701.4173224
8 90024.195057
828 89986.3184238
693 89826.4101053
980 89781.4354543
667 89746.6591643
813 89547.8092147
629 89379.4572052
180 89321.6494708
814 89280.9309755
734 89200.4702811
62 89173.7168077
57 89049.1068088
137 88943.6412796
971 88817.5346296
645 88777.1488492
212 88712.1057584
99 88519.9237332
889 88379.5903894
70 88307.1992503
678 88240.1636806
728 88008.9005966
17 87832.841896
787 87772.3166226
108 87735.3343458
106 87671.9018628
779 87640.5711906
976 87628.9562817
999 87552.8642926
219 87402.0836379
788 87400.1241279
665 87254.4606495
771 87155.9306343
5 87012.5284823
1 86956.7457921
237 86877.74384
945 86798.0436926
509 86779.0076237
444 86768.2757573
259 86542.6318859
496 86385.5377354
590 86221.4989978
541 86167.8979175
179 86136.5530098
607 86134.0715951
750 86078.7269766
402 85974.1250865
816 85938.4185678
538 85870.6589518
292 85860.718123
983 85855.1205383
136 85837.2253468
719 85775.2008287
107 85749.4581937
129 85737.6402884
924 85735.4484144
194 85691.0851144
360 85606.7676006
80 85574.6645045
35 85507.3726721
489 85501.3572894
175 85415.9884357
552 85401.554905
624 85345.7549679
482 85339.4868834
908 85310.3388346
396 85291.1399068
639 85206.5209804
191 85140.9885086
981 85137.5430995
310 85123.5670392
622 85116.4776424
294 85075.3593096
335 84993.456605
511 84945.9888958
32 84937.4747116
287 84926.5271659
465 84689.0565601
77 84677.7042207
568 84669.4042185
54 84643.9414246
293 84612.7004292
263 84610.9034652
300 84583.6924496
969 84545.4482456
123 84510.3502168
115 84387.0803492
883 84331.8875085
807 84282.5291853
59 84270.2381747
507 84263.6907294
829 83977.80575
525 83943.1850429
753 83903.0520108
116 83826.0220103
3 83695.7210186
870 83674.3790401
153 83629.6195633
695 83621.3288905
375 83619.3331727
868 83570.4313436
650 83307.7389534
653 83301.1961986
780 83155.3216442
42 83047.898162
880 83035.0266281
353 82867.8453001
69 82833.7782507
36 82679.8266055
397 82629.2115099
379 82629.1713146
723 82550.3194463
43 82536.754863
112 82533.5539915
467 82519.0214162
569 82504.4608967
27 82412.0831705
706 82374.9969448
517 82260.0383444
209 82229.6901244
278 82108.8580953
589 81978.9786822
725 81955.109266
371 81884.7978745
798 81799.723138
73 81693.5292191
940 81635.5184754
815 81584.372087
781 81573.3329517
545 81553.2386634
273 81542.6513529
208 81502.6312655
950 81229.5571644
231 81124.8532104
730 81111.184134
343 81059.280794
967 81045.4073651
939 80837.8957511
554 80783.2533293
956 80712.9312289
301 80559.3089229
96 80426.3413724
701 80336.6056207
51 80236.0639333
13 80115.7016385
93 80095.2100092
74 80019.6742983
411 79998.8777904
131 79967.0642262
480 79957.5608231
968 79912.6856511
145 79838.4450038
296 79835.4423658
560 79758.1030733
888 79681.1096443
To print the outlier:0.04102921485900879
