Processing Time: 0.15463900566101074
Distance Matrix Time: 12.698624610900879
Calculate kth distance: 1.2376372814178467
To Calculate the Neighbourhood: 1.6614727973937988
To Calculate the Local Reachable Density: 0.7270402908325195
To Calculate Local Outlier Factor:0.20314455032348633
915 254721.529483
236 239513.443081
917 238719.109983
637 231343.179256
373 226287.066633
95 226275.1836
374 225538.542148
818 215365.115796
887 212056.950073
714 209298.234299
63 196689.957726
378 195600.011698
744 194708.074481
763 179652.680345
381 176935.154733
615 175695.114028
186 174833.741195
333 174010.725029
18 172202.695106
921 170799.584444
226 169899.680848
272 169451.514922
105 167991.957557
87 166968.38926
163 166419.192276
736 165631.547225
134 165197.225195
832 160361.92989
563 159995.676878
672 159800.615266
431 158635.402691
274 157815.407262
29 156618.371981
606 156009.206313
395 155206.639193
953 155150.743846
854 154099.658625
285 152917.802436
616 151864.813557
657 150598.450224
78 149910.522831
330 149686.78147
677 149057.217895
902 148609.904462
450 148380.84145
295 148036.060937
881 147493.516248
205 147482.92144
927 147168.750906
304 146870.548204
56 146172.857256
924 146072.871603
268 144793.417526
756 144133.658684
180 144045.009858
255 144002.336993
684 143598.395555
496 143543.158147
808 143538.749707
723 142633.98478
438 141591.25267
430 140113.783158
536 139488.77883
945 139448.170222
812 139144.2059
387 139091.657267
983 139020.620127
784 138968.558007
227 138911.162012
294 138353.759431
402 138144.929578
48 137621.477891
549 136826.116747
738 136618.921451
417 136512.314092
846 136357.333636
332 136338.489535
804 136302.138241
291 136164.507851
828 135907.173486
629 135888.426293
136 135587.818809
678 135442.857606
130 135012.667553
5 134661.654727
99 134339.391017
650 133956.538956
889 133875.442573
375 133762.734321
715 133545.982164
805 133535.776328
57 133424.200716
973 133406.626004
552 133354.745948
788 132621.766
491 132504.371474
42 132492.323906
728 131967.116567
509 131897.680838
693 131759.073406
54 131570.693732
179 131537.914434
895 131452.378058
538 130859.160688
287 130725.728737
62 130632.885767
153 130476.147335
17 130395.720765
685 129875.912533
998 129818.476744
813 129736.381989
237 129708.883537
796 129567.475289
938 129403.4226
286 129340.956898
310 129301.843717
208 129158.153006
3 129095.232548
569 128938.161235
522 128838.983931
653 128607.041801
107 128239.030931
8 128187.347066
706 128105.053389
771 128024.633188
980 127997.466331
96 127897.092712
123 127839.097203
1 127709.169105
106 127681.207131
939 127578.723837
968 127408.731747
113 127393.381477
175 127363.130656
154 127168.430095
44 127146.74053
283 126969.257553
487 126931.145331
645 126573.71461
115 126464.318713
986 126129.915604
668 125909.439298
0 125878.852393
467 125787.860678
815 125782.702379
774 125718.215574
659 125385.793255
607 125343.953876
465 125282.865453
73 125240.077582
507 125069.246779
789 124907.572958
987 124473.095133
705 124118.144494
880 123994.485883
870 123906.171294
187 123602.416765
829 123531.296112
760 123439.358267
116 123387.888577
164 123381.680274
145 123304.567274
814 123182.181534
11 122846.963945
860 122756.502239
326 122734.682729
293 122726.636919
70 122602.568181
371 122600.041896
981 122423.073172
525 122222.004943
411 122216.111104
701 122184.449999
242 122175.59063
816 122079.979858
822 122050.428725
778 122000.312933
59 121941.84903
520 121782.338995
353 121759.221062
969 121678.529289
671 121666.69661
838 121531.751036
868 121408.66621
617 121347.169192
108 121319.753078
46 121114.167283
883 121112.357915
213 121082.796813
988 121071.630853
75 120924.099365
517 120851.006334
35 120416.254916
152 120412.189742
667 120226.515768
849 120169.651628
779 120158.554391
43 120017.443947
4 119896.849163
263 119800.255393
212 119756.833657
807 119724.983937
278 119711.391398
787 119612.712347
791 119609.944272
879 119528.857649
622 119209.083951
296 118816.025317
719 118710.895217
888 118644.22099
112 118573.545025
36 118519.106687
971 118361.297427
379 118358.211835
683 118294.634851
219 118232.16583
137 118226.178695
51 117998.249753
477 117997.067001
368 117978.589897
501 117743.840476
999 117675.574904
131 117536.083478
725 117395.167771
194 117320.922453
273 117283.527337
90 117273.195433
292 116838.767095
554 116823.582717
191 116743.941171
940 116692.148869
780 116507.798351
80 116444.924665
306 116221.260156
68 116170.877632
211 116090.443839
798 116057.591148
9 115975.969154
976 115962.377821
76 115887.025995
639 115850.105008
750 115810.734034
118 115739.484364
444 115694.460955
209 115674.203226
544 115607.551249
773 115335.339195
590 115326.113301
202 115209.447329
568 115148.659909
665 115133.189596
482 115062.066671
262 114864.090041
885 114775.750603
542 114408.698542
511 114386.993343
199 114331.321493
950 114277.882069
32 113989.014372
449 113972.174149
588 113898.936149
282 113876.478405
739 113873.454592
148 113823.852293
325 113800.860995
7 113665.160493
753 113543.653107
716 113465.84869
874 113429.162687
624 113306.973825
454 113261.556588
557 113226.357667
589 113089.494148
261 113044.293147
65 113039.949831
652 112975.18861
311 112828.528291
83 112803.027649
571 112795.152397
658 112694.668353
266 112652.538393
485 112418.782216
754 112391.351286
146 112352.958496
910 112272.7909
396 112258.330833
613 112253.913408
352 112205.156533
514 112042.082395
572 112000.397826
446 111967.260974
967 111956.924551
301 111868.172991
429 111846.11705
840 111777.445177
74 111746.527168
662 111630.646828
730 111554.826952
190 111411.629027
241 111383.716215
To print the outlier:0.11105561256408691
