Processing Time: 0.5209426879882812
Distance Matrix Time: 12.136073589324951
Calculate kth distance: 1.1480803489685059
To Calculate the Neighbourhood: 1.3688883781433105
To Calculate the Local Reachable Density: 0.13318181037902832
To Calculate Local Outlier Factor:0.024031400680541992
424 3134.38876806
503 2865.974295
278 2628.86270452
474 2617.01177921
85 2548.57134695
382 2534.08132862
339 2489.00955265
124 2483.39965956
264 2482.82591491
254 2463.62907653
479 2450.33623514
461 2413.08928119
386 2406.6153084
943 2393.79028545
234 2382.94149408
157 2377.77269543
407 2374.86754059
772 2352.65742374
103 2349.09188613
394 2344.47709967
236 2340.29446914
594 2321.01484267
740 2319.95856251
585 2300.11833181
197 2283.51392188
539 2281.54447052
97 2274.93450384
216 2270.91699813
186 2267.8918846
280 2255.75138074
743 2243.07061651
117 2240.11308629
434 2237.46404118
919 2234.45641112
To print the outlier:0.3480987548828125
