Processing Time: 0.17365264892578125
Distance Matrix Time: 16.004520416259766
Calculate kth distance: 1.7953920364379883
To Calculate the Neighbourhood: 1.6826858520507812
To Calculate the Local Reachable Density: 0.15632224082946777
To Calculate Local Outlier Factor:0.04199957847595215
314 5239.61083266
419 5199.02892014
972 4981.41391716
995 4847.70264038
915 4770.18965295
677 4623.43798171
236 4552.893449
430 4484.64493924
917 4484.05484608
38 4470.50196045
264 4455.45878997
245 4444.99605674
25 4423.05744224
234 4414.08098628
725 4402.17388546
21 4398.80590442
892 4394.20702083
688 4362.14461557
391 4340.94049145
992 4327.09595537
903 4308.90554815
565 4305.40490668
543 4295.19656125
343 4286.72416757
166 4281.88723691
254 4278.89137585
386 4266.58118551
686 4263.23193123
393 4256.96399461
95 4248.12401983
249 4244.37732776
465 4212.6753198
576 4203.91385457
614 4201.93706191
527 4183.0579637
124 4169.94415202
128 4156.16551587
580 4133.98506642
998 4122.52187265
182 4118.37073159
682 4114.27378566
585 4107.07521369
361 4102.06577004
67 4101.56136128
912 4098.96570661
822 4097.48977722
186 4091.89892142
110 4085.69132384
405 4080.17564792
To print the outlier:0.10113167762756348
