Processing Time: 0.1295912265777588
Distance Matrix Time: 9.135070085525513
Calculate kth distance: 0.5063605308532715
To Calculate the Neighbourhood: 0.8471639156341553
To Calculate the Local Reachable Density: 0.5889179706573486
To Calculate Local Outlier Factor:0.14259958267211914
915 798124.382835
95 769447.589508
374 723776.721714
637 715671.379485
373 713562.345518
917 697840.664057
714 663828.335663
236 656689.417847
887 654410.904389
818 633342.634176
63 622255.316833
378 621166.175087
744 600399.070103
272 564361.507683
615 554230.377137
921 553104.154468
333 547487.46282
381 543718.309599
763 537323.952943
226 532068.670073
18 525475.307734
672 519598.303442
563 519215.44581
87 517380.77507
832 515098.206442
134 512666.946094
395 509877.708844
736 504169.386417
78 498577.846969
304 497166.965411
285 493356.64707
927 486574.10836
657 483984.280964
274 482981.694337
953 482219.909793
105 481286.329275
808 477854.591329
616 476861.049648
163 471847.017813
431 468350.950453
450 468283.188565
854 466018.749194
29 462847.286795
295 460291.824143
902 454956.251492
205 448755.911588
677 445934.015544
684 444446.924849
255 444180.857728
945 443096.514384
973 442409.468734
881 433363.965456
549 433105.698523
180 432952.926629
332 431339.696275
130 431193.850899
175 425793.407587
294 425144.897795
291 422355.657566
5 421137.141709
812 420028.687027
287 419839.025774
522 418201.367362
650 418146.339122
805 417871.151274
330 416339.06885
467 414204.421449
509 414073.837834
895 413179.260648
496 411508.541187
268 410521.887998
57 409973.546344
538 409281.507534
44 407856.962432
846 406155.038912
938 405998.206076
796 405729.337357
685 405630.611539
417 405264.705601
3 404679.490736
728 403900.521199
375 401233.697037
715 400523.388155
552 399425.060172
186 398830.093343
983 394439.085133
828 390959.172675
645 389117.782728
815 388065.940173
771 387214.321273
1 386718.296488
17 386093.160642
569 385520.612842
980 385471.346484
653 385199.676281
491 385145.187202
402 382726.006011
788 382560.295541
924 382373.482424
227 381957.773529
701 381628.833104
738 381279.095038
829 380453.714471
968 379394.615696
136 378290.116883
706 378211.230883
113 376978.38036
880 376725.597453
870 376479.308443
868 376111.327526
70 375064.723305
438 374513.815541
889 372513.893228
430 372336.449784
153 371542.502829
756 370324.842784
804 367771.552889
517 367366.023125
525 366738.632896
116 366215.628722
99 365871.180962
387 362927.43654
36 362903.691433
784 362094.383847
411 361387.063318
242 360068.352765
536 359845.208739
310 359691.519914
606 357617.952319
73 356675.401007
59 356247.662559
986 355481.147625
939 355413.99999
48 354815.647961
292 354804.269426
131 354618.549465
266 354215.182994
56 352755.102231
971 350997.47546
7 350579.270405
108 350038.452361
326 349387.205754
507 347979.554114
62 347624.19063
444 347451.257349
11 346643.795536
981 346283.015529
813 346187.426084
760 345774.479081
568 345235.395971
293 345218.823459
42 344449.450676
814 344139.852772
115 341361.434012
542 339031.656208
106 338335.213878
888 337369.192544
353 336794.167938
789 336733.623481
893 336570.11921
187 336482.095003
629 335985.52524
179 335651.078053
571 335226.457208
693 334368.922128
112 333292.273703
639 333218.601316
80 332703.744558
340 332487.696765
208 332429.92278
0 332097.274039
665 332089.670744
465 332020.655245
622 331125.218548
501 330593.140813
999 329717.215392
659 329666.821482
154 329455.990579
54 329063.859905
415 328746.702858
879 328524.115492
667 327201.575595
273 327009.757905
32 326267.631262
286 326260.363398
988 326067.205916
43 325374.416448
791 325098.00131
780 325075.936881
35 324869.93953
214 324373.100661
807 324181.794331
212 323982.033343
774 323948.39981
4 323493.217289
75 323024.310272
194 322899.254245
152 322845.482637
778 322483.322197
262 322077.414716
976 321656.83492
482 320816.794161
263 319382.470119
65 319168.937581
213 318626.847616
123 318463.771666
8 318325.37409
787 318077.235358
51 317547.208345
141 317344.871497
705 317266.998924
148 316780.188357
554 316455.747931
557 316061.753326
191 316051.707063
719 315962.303555
730 315891.349339
628 315178.703181
928 315067.115749
487 314653.557056
9 314096.444475
572 313740.24602
779 313384.419076
145 313275.857111
360 313187.694173
671 312071.564063
860 311418.926327
107 310580.437397
753 310355.791944
181 309923.935694
392 309554.36333
317 309286.17858
296 309180.948266
306 308707.066521
798 307861.820031
883 307451.28447
838 307347.887418
624 307253.682012
13 307130.518231
357 306568.168068
723 306267.175803
590 306235.153316
956 305596.4068
237 305200.733621
967 305102.08945
816 304908.458904
511 304893.25764
541 304320.492387
675 304194.77716
676 303558.645907
683 303445.794791
328 303441.5408
975 303427.451039
177 302141.094167
371 301589.883952
118 301194.852811
520 301120.605677
137 301009.612569
397 300926.116145
840 300720.874321
678 300688.028877
77 300592.497183
211 299915.833983
311 298920.688205
833 298659.187866
219 298633.231198
907 297908.670999
121 297878.797878
190 297659.036267
998 297013.909324
668 296680.321746
429 296653.343365
454 296544.212968
607 296465.147432
910 296313.49305
202 294647.753129
969 294477.088674
283 294056.290698
617 293808.498163
993 293732.390258
987 293354.134197
76 293181.232051
379 292875.404412
911 292610.265166
261 292417.381612
230 292235.879379
33 291665.486141
996 291631.197631
646 291525.421476
544 291501.686327
769 290971.70714
884 290833.619911
739 290693.569331
735 290657.879473
300 290618.847898
776 289997.047572
613 289991.489453
955 289631.453019
259 288840.984249
368 288688.325108
477 288331.618099
83 288189.156973
849 288129.218918
22 287919.099613
301 287675.718354
863 287472.552076
851 287232.670104
618 286943.097924
468 286822.226117
750 286814.240545
680 286662.855645
712 286557.009465
871 285961.715053
384 285211.755408
514 285170.65703
217 284956.258858
748 284635.281382
655 284584.279513
96 283856.406464
278 283634.532708
489 283244.736938
844 282918.704739
773 282668.365557
781 282635.703743
72 282467.706963
459 282002.13365
642 281660.680196
958 281609.366562
224 281564.593256
192 281350.940775
990 281080.308517
564 281060.331221
725 280814.502497
68 280762.202066
26 280501.248013
334 280205.149377
802 280202.889842
367 279924.122224
246 279853.974671
396 279779.984098
79 279738.990972
952 279524.282088
344 279370.339816
93 279330.067664
460 279312.831612
142 279276.70421
734 279225.829144
359 279219.979591
90 278727.610806
31 278346.063278
16 278171.060348
560 278155.291797
899 278076.908906
156 277914.719275
6 277748.714451
839 277701.946333
827 277696.82557
335 277666.887954
225 277576.549817
320 277113.94596
341 277079.516169
800 276634.153873
721 276632.315104
603 276532.668366
609 276498.716704
666 276404.446928
877 276159.403796
449 275981.55646
823 275894.513746
658 275718.632258
589 275713.207554
583 275710.919792
408 275686.926478
469 275559.654242
581 275509.674159
133 275410.899257
523 275333.74075
229 275240.424989
689 275117.386658
84 275072.403694
309 274942.131746
183 274913.913467
200 274855.852802
209 274854.085709
539 274750.137894
280 274586.617659
150 274579.001681
297 274389.912876
703 274218.47226
648 274203.920669
611 274175.803469
635 273944.765376
312 273868.033344
393 273779.256068
597 273730.730473
239 273707.25102
874 273628.978451
289 273384.55052
837 273357.408056
21 273268.383522
19 272951.879769
906 272943.464231
91 272874.249187
102 272842.606954
548 272821.055144
256 272692.801337
824 272657.079007
315 272453.222517
669 272391.727934
848 272255.684159
516 272180.832933
356 272114.225312
164 271995.579422
546 271948.340044
471 271504.577445
843 271502.868623
391 271348.050309
558 271298.661241
157 271167.794855
98 271090.88267
413 271074.119598
476 270957.154533
129 270905.568626
513 270879.388174
426 270818.665984
241 270812.689337
688 270791.800724
302 270791.085581
964 270766.598948
119 270733.25425
908 270590.959714
147 270561.892956
342 270543.647868
117 270506.752423
875 270438.094322
176 270332.260411
347 270290.349651
486 270276.679749
422 270186.631335
39 270171.06374
456 270124.955879
69 269956.073921
599 269947.272659
687 269903.460622
404 269813.287265
101 269796.578145
570 269784.538866
61 269739.82964
537 269736.021926
692 269515.502328
826 269474.982077
71 269336.863121
174 269327.703868
933 269226.547679
894 269207.088609
822 269136.559447
793 269069.79479
737 268933.760611
52 268924.179334
978 268920.241643
961 268905.595149
366 268866.532098
630 268856.935887
199 268835.639863
497 268788.177647
962 268656.236848
519 268597.14303
794 268562.788669
847 268503.715583
168 268412.721259
462 268346.788067
250 268338.409082
370 268318.791117
948 268308.719276
518 268168.398205
410 268146.224748
327 268088.015425
74 267989.372457
427 267932.153538
27 267854.102061
940 267789.479481
362 267730.769601
670 267696.029094
578 267677.100039
258 267638.440027
801 267629.094648
253 267587.828688
754 267493.361916
215 267447.896599
593 267386.56167
530 267275.046678
448 267264.974453
625 267258.45498
321 267255.660714
582 267222.532424
651 267165.526287
681 267074.107788
2 267010.5904
196 267005.122705
695 266947.145839
To print the outlier:0.047036170959472656
