Processing Time: 0.12458133697509766
Distance Matrix Time: 12.103256702423096
Calculate kth distance: 1.2298977375030518
To Calculate the Neighbourhood: 2.1229429244995117
To Calculate the Local Reachable Density: 2.365208625793457
To Calculate Local Outlier Factor:0.6394679546356201
491 998326.33535
525 998316.964815
870 998316.964815
980 998316.964815
653 998312.279548
3 998307.594281
880 998307.594281
411 998298.223746
268 998288.853212
881 998288.853212
828 998284.167944
868 998284.167944
889 998279.482677
153 998279.482677
509 998279.482677
7 998274.79741
108 998274.79741
402 998274.79741
815 998274.79741
136 998270.112143
154 998270.112143
650 998270.112143
888 998270.112143
70 998260.741608
131 998260.741608
879 998260.741608
971 998256.056341
417 998256.056341
538 998256.056341
983 998251.371074
387 998251.371074
771 998251.371074
113 998246.685806
294 998246.685806
542 998246.685806
99 998242.000539
116 998242.000539
17 998237.315272
730 998237.315272
988 998237.315272
175 998232.630005
571 998232.630005
375 998227.944737
645 998227.944737
266 998223.25947
507 998223.25947
73 998218.574203
287 998218.574203
522 998218.574203
893 998218.574203
895 998218.574203
5 998213.888936
51 998213.888936
778 998213.888936
829 998213.888936
968 998209.203669
501 998209.203669
552 998209.203669
701 998209.203669
43 998204.518401
106 998204.518401
415 998204.518401
467 998204.518401
569 998204.518401
496 998199.833134
517 998199.833134
719 998199.833134
788 998199.833134
789 998199.833134
48 998195.147867
371 998195.147867
671 998195.147867
684 998195.147867
205 998190.4626
659 998190.4626
791 998190.4626
939 998190.4626
945 998190.4626
924 998185.777332
57 998185.777332
112 998185.777332
208 998185.777332
292 998185.777332
340 998185.777332
665 998185.777332
676 998185.777332
753 998185.777332
805 998185.777332
808 998185.777332
938 998181.092065
973 998181.092065
32 998181.092065
105 998181.092065
549 998181.092065
854 998181.092065
902 998181.092065
9 998176.406798
42 998176.406798
180 998176.406798
227 998176.406798
840 998176.406798
59 998171.721531
80 998171.721531
107 998171.721531
291 998171.721531
310 998171.721531
796 998171.721531
804 998171.721531
986 998171.721531
36 998167.036263
152 998167.036263
304 998167.036263
202 998162.350996
728 998162.350996
812 998162.350996
18 998157.665729
141 998157.665729
148 998157.665729
192 998157.665729
212 998157.665729
431 998157.665729
469 998157.665729
511 998157.665729
706 998157.665729
715 998157.665729
996 998152.980462
301 998152.980462
311 998152.980462
328 998152.980462
454 998152.980462
564 998152.980462
572 998152.980462
597 998152.980462
646 998152.980462
78 998148.295194
130 998148.295194
353 998148.295194
833 998148.295194
860 998148.295194
477 998143.609927
675 998143.609927
253 998138.92466
262 998138.92466
392 998138.92466
910 998138.92466
368 998134.239393
520 998134.239393
927 998129.554125
44 998129.554125
181 998129.554125
320 998129.554125
332 998129.554125
381 998129.554125
666 998129.554125
685 998129.554125
705 998129.554125
776 998129.554125
993 998124.868858
284 998124.868858
285 998124.868858
306 998124.868858
460 998124.868858
557 998124.868858
658 998124.868858
737 998124.868858
748 998124.868858
827 998124.868858
863 998120.183591
884 998120.183591
911 998120.183591
952 998120.183591
958 998120.183591
211 998120.183591
293 998120.183591
338 998120.183591
450 998120.183591
459 998120.183591
599 998120.183591
642 998120.183591
738 998120.183591
739 998120.183591
822 998120.183591
845 998120.183591
255 998115.498324
274 998115.498324
357 998115.498324
384 998115.498324
76 998115.498324
87 998115.498324
444 998115.498324
657 998115.498324
736 998115.498324
814 998115.498324
29 998110.813056
56 998110.813056
65 998110.813056
158 998110.813056
953 998110.813056
1 998106.127789
31 998106.127789
168 998106.127789
199 998106.127789
230 998106.127789
630 998106.127789
683 998106.127789
766 998106.127789
784 998106.127789
981 998106.127789
118 998101.442522
224 998101.442522
317 998101.442522
334 998101.442522
672 998101.442522
780 998101.442522
295 998096.757255
639 998096.757255
735 998096.757255
763 998096.757255
919 998096.757255
946 998096.757255
949 998096.757255
121 998092.071987
142 998092.071987
312 998092.071987
315 998092.071987
343 998092.071987
558 998092.071987
568 998092.071987
628 998092.071987
877 998092.071987
959 998087.38672
974 998087.38672
115 998087.38672
322 998087.38672
537 998087.38672
670 998087.38672
794 998087.38672
824 998087.38672
899 998087.38672
914 998087.38672
79 998082.701453
189 998082.701453
286 998082.701453
347 998082.701453
370 998082.701453
19 998078.016186
46 998078.016186
616 998078.016186
687 998078.016186
826 998078.016186
999 998073.330919
4 998073.330919
190 998073.330919
217 998073.330919
239 998073.330919
341 998073.330919
453 998073.330919
603 998073.330919
703 998073.330919
772 998073.330919
858 998068.645651
862 998068.645651
907 998068.645651
98 998068.645651
163 998068.645651
191 998068.645651
278 998068.645651
395 998068.645651
397 998068.645651
563 998068.645651
620 998068.645651
716 998068.645651
802 998068.645651
851 998068.645651
214 998063.960384
242 998063.960384
326 998063.960384
912 998063.960384
35 998063.960384
64 998063.960384
613 998063.960384
704 998063.960384
68 998059.275117
74 998059.275117
160 998059.275117
198 998059.275117
618 998059.275117
622 998059.275117
692 998059.275117
718 998059.275117
886 998059.275117
956 998059.275117
97 998054.58985
223 998054.58985
523 998054.58985
607 998054.58985
612 998054.58985
669 998054.58985
813 998054.58985
216 998049.904582
256 998049.904582
330 998049.904582
344 998049.904582
426 998049.904582
446 998049.904582
455 998049.904582
456 998049.904582
570 998049.904582
668 998049.904582
846 998049.904582
935 998049.904582
950 998049.904582
77 998045.219315
172 998045.219315
229 998045.219315
500 998045.219315
583 998045.219315
654 998045.219315
733 998045.219315
742 998045.219315
11 998040.534048
53 998040.534048
145 998040.534048
174 998040.534048
183 998040.534048
258 998040.534048
366 998040.534048
367 998040.534048
369 998040.534048
457 998040.534048
468 998040.534048
470 998040.534048
528 998040.534048
530 998040.534048
567 998040.534048
602 998040.534048
615 998040.534048
740 998040.534048
882 998040.534048
896 998040.534048
918 998040.534048
963 998040.534048
969 998040.534048
40 998035.848781
296 998035.848781
299 998035.848781
359 998035.848781
408 998035.848781
534 998035.848781
543 998035.848781
578 998035.848781
655 998035.848781
689 998035.848781
749 998035.848781
768 998035.848781
962 998035.848781
218 998031.163513
244 998031.163513
279 998031.163513
361 998031.163513
442 998031.163513
539 998031.163513
546 998031.163513
694 998031.163513
857 998031.163513
921 998031.163513
226 998026.478246
252 998026.478246
438 998026.478246
452 998026.478246
462 998026.478246
482 998026.478246
605 998026.478246
674 998026.478246
786 998026.478246
908 998026.478246
267 998021.792979
319 998021.792979
321 998021.792979
352 998021.792979
475 998021.792979
593 998021.792979
770 998021.792979
777 998021.792979
844 998021.792979
890 998021.792979
982 998021.792979
990 998021.792979
37 998017.107712
93 998017.107712
101 998017.107712
225 998017.107712
342 998017.107712
418 998017.107712
433 998017.107712
495 998017.107712
521 998017.107712
531 998017.107712
535 998017.107712
832 998017.107712
874 998017.107712
901 998017.107712
273 998012.422444
323 998012.422444
876 998012.422444
906 998012.422444
506 998012.422444
643 998012.422444
724 998012.422444
743 998012.422444
787 998012.422444
830 998012.422444
841 998012.422444
30 998007.737177
134 998007.737177
169 998007.737177
235 998007.737177
270 998007.737177
298 998007.737177
512 998007.737177
693 998007.737177
764 998007.737177
867 998007.737177
951 998003.05191
966 998003.05191
967 998003.05191
50 998003.05191
164 998003.05191
325 998003.05191
376 998003.05191
380 998003.05191
464 998003.05191
466 998003.05191
556 998003.05191
577 998003.05191
598 998003.05191
617 998003.05191
667 998003.05191
785 998003.05191
940 997998.366643
54 997998.366643
69 997998.366643
88 997998.366643
129 997998.366643
272 997998.366643
327 997998.366643
476 997998.366643
560 997998.366643
652 997998.366643
760 997998.366643
793 997998.366643
850 997998.366643
855 997998.366643
866 997998.366643
904 997998.366643
119 997993.681375
165 997993.681375
176 997993.681375
236 997993.681375
362 997993.681375
414 997993.681375
425 997993.681375
497 997993.681375
547 997993.681375
594 997993.681375
651 997993.681375
688 997993.681375
717 997993.681375
755 997993.681375
961 997993.681375
965 997993.681375
984 997993.681375
138 997988.996108
248 997988.996108
280 997988.996108
333 997988.996108
404 997988.996108
410 997988.996108
586 997988.996108
591 997988.996108
606 997988.996108
608 997988.996108
677 997988.996108
729 997988.996108
734 997988.996108
839 997988.996108
909 997988.996108
947 997988.996108
977 997988.996108
15 997988.996108
62 997988.996108
978 997984.310841
6 997984.310841
132 997984.310841
144 997984.310841
232 997984.310841
423 997984.310841
447 997984.310841
480 997984.310841
576 997984.310841
634 997984.310841
767 997984.310841
861 997984.310841
892 997984.310841
900 997984.310841
143 997979.625574
182 997979.625574
276 997979.625574
335 997979.625574
364 997979.625574
416 997979.625574
420 997979.625574
461 997979.625574
487 997979.625574
503 997979.625574
559 997979.625574
625 997979.625574
631 997979.625574
707 997979.625574
709 997979.625574
712 997979.625574
758 997979.625574
790 997979.625574
853 997979.625574
859 997979.625574
128 997974.940306
151 997974.940306
194 997974.940306
210 997974.940306
275 997974.940306
378 997974.940306
388 997974.940306
390 997974.940306
405 997974.940306
406 997974.940306
489 997974.940306
561 997974.940306
592 997974.940306
644 997974.940306
648 997974.940306
727 997974.940306
731 997974.940306
821 997974.940306
825 997974.940306
916 997974.940306
923 997974.940306
972 997974.940306
989 997970.255039
28 997970.255039
120 997970.255039
178 997970.255039
251 997970.255039
400 997970.255039
412 997970.255039
437 997970.255039
508 997970.255039
565 997970.255039
581 997970.255039
596 997970.255039
681 997970.255039
691 997970.255039
699 997970.255039
746 997970.255039
761 997970.255039
843 997970.255039
898 997970.255039
66 997965.569772
103 997965.569772
124 997965.569772
257 997965.569772
399 997965.569772
486 997965.569772
533 997965.569772
636 997965.569772
662 997965.569772
779 997965.569772
834 997965.569772
920 997965.569772
954 997960.884505
991 997960.884505
998 997960.884505
100 997960.884505
162 997960.884505
166 997960.884505
331 997960.884505
365 997960.884505
385 997960.884505
394 997960.884505
440 997960.884505
474 997960.884505
494 997960.884505
702 997960.884505
773 997960.884505
775 997960.884505
852 997960.884505
109 997956.199237
125 997956.199237
133 997956.199237
139 997956.199237
184 997956.199237
245 997956.199237
302 997956.199237
421 997956.199237
465 997956.199237
504 997956.199237
545 997956.199237
566 997956.199237
575 997956.199237
626 997956.199237
638 997956.199237
744 997956.199237
917 997956.199237
942 997956.199237
930 997951.51397
937 997951.51397
14 997951.51397
38 997951.51397
104 997951.51397
170 997951.51397
324 997951.51397
424 997951.51397
481 997951.51397
514 997951.51397
526 997951.51397
579 997951.51397
585 997951.51397
621 997951.51397
641 997951.51397
842 997951.51397
865 997951.51397
872 997951.51397
114 997946.828703
186 997946.828703
237 997946.828703
336 997946.828703
345 997946.828703
401 997946.828703
34 997946.828703
58 997946.828703
82 997946.828703
498 997946.828703
682 997946.828703
698 997946.828703
720 997946.828703
747 997946.828703
762 997946.828703
838 997946.828703
847 997946.828703
16 997942.143436
45 997942.143436
185 997942.143436
355 997942.143436
382 997942.143436
393 997942.143436
419 997942.143436
441 997942.143436
600 997942.143436
782 997942.143436
944 997942.143436
948 997942.143436
992 997942.143436
995 997942.143436
928 997937.458168
49 997937.458168
86 997937.458168
195 997937.458168
238 997937.458168
265 997937.458168
553 997937.458168
801 997937.458168
818 997937.458168
21 997932.772901
261 997932.772901
289 997932.772901
339 997932.772901
488 997932.772901
588 997932.772901
627 997932.772901
679 997932.772901
795 997932.772901
809 997932.772901
819 997932.772901
897 997932.772901
903 997932.772901
161 997928.087634
240 997928.087634
260 997928.087634
271 997928.087634
307 997928.087634
432 997928.087634
490 997928.087634
765 997928.087634
799 997928.087634
831 997928.087634
864 997928.087634
894 997928.087634
985 997928.087634
23 997928.087634
83 997928.087634
25 997923.402367
193 997923.402367
204 997923.402367
206 997923.402367
213 997923.402367
247 997923.402367
269 997923.402367
434 997923.402367
478 997923.402367
524 997923.402367
614 997923.402367
678 997923.402367
745 997923.402367
891 997923.402367
913 997923.402367
979 997923.402367
12 997918.7171
173 997918.7171
207 997918.7171
282 997918.7171
316 997918.7171
396 997918.7171
413 997918.7171
479 997918.7171
580 997918.7171
623 997918.7171
697 997918.7171
700 997918.7171
711 997918.7171
757 997918.7171
878 997918.7171
2 997914.031832
117 997914.031832
122 997914.031832
126 997914.031832
135 997914.031832
254 997914.031832
337 997914.031832
348 997914.031832
372 997914.031832
532 997914.031832
929 997914.031832
970 997914.031832
975 997914.031832
994 997914.031832
81 997909.346565
84 997909.346565
89 997909.346565
149 997909.346565
197 997909.346565
281 997909.346565
656 997909.346565
696 997909.346565
751 997909.346565
759 997909.346565
875 997909.346565
931 997909.346565
941 997909.346565
957 997909.346565
997 997909.346565
127 997904.661298
233 997904.661298
318 997904.661298
349 997904.661298
351 997904.661298
10 997904.661298
22 997904.661298
41 997904.661298
52 997904.661298
85 997904.661298
640 997904.661298
663 997904.661298
926 997899.976031
934 997899.976031
960 997899.976031
8 997899.976031
20 997899.976031
24 997899.976031
60 997899.976031
155 997899.976031
159 997899.976031
201 997899.976031
305 997899.976031
389 997899.976031
407 997899.976031
427 997899.976031
435 997899.976031
463 997899.976031
473 997899.976031
483 997899.976031
541 997899.976031
551 997899.976031
601 997899.976031
632 997899.976031
635 997899.976031
647 997899.976031
710 997899.976031
726 997899.976031
800 997899.976031
803 997899.976031
835 997899.976031
856 997899.976031
925 997895.290763
263 997895.290763
329 997895.290763
356 997895.290763
443 997895.290763
516 997895.290763
555 997895.290763
574 997895.290763
582 997895.290763
624 997895.290763
629 997895.290763
649 997895.290763
660 997895.290763
690 997895.290763
820 997895.290763
221 997890.605496
228 997890.605496
231 997890.605496
243 997890.605496
288 997890.605496
308 997890.605496
383 997890.605496
386 997890.605496
484 997890.605496
518 997890.605496
540 997890.605496
633 997890.605496
673 997890.605496
708 997890.605496
781 997890.605496
797 997890.605496
922 997890.605496
932 997885.920229
63 997885.920229
196 997885.920229
222 997885.920229
264 997885.920229
290 997885.920229
398 997885.920229
403 997885.920229
573 997885.920229
584 997885.920229
604 997885.920229
609 997885.920229
732 997885.920229
817 997885.920229
869 997885.920229
955 997881.234962
110 997881.234962
111 997881.234962
150 997881.234962
167 997881.234962
171 997881.234962
350 997881.234962
358 997881.234962
472 997881.234962
505 997881.234962
510 997881.234962
515 997881.234962
595 997881.234962
686 997881.234962
722 997881.234962
741 997881.234962
61 997876.549694
203 997876.549694
215 997876.549694
277 997876.549694
297 997876.549694
346 997876.549694
428 997876.549694
527 997876.549694
587 997876.549694
752 997876.549694
27 997871.864427
146 997871.864427
234 997871.864427
241 997871.864427
363 997871.864427
422 997871.864427
439 997871.864427
485 997871.864427
499 997871.864427
589 997871.864427
713 997871.864427
873 997871.864427
905 997871.864427
936 997867.17916
943 997867.17916
13 997867.17916
47 997867.17916
157 997867.17916
313 997867.17916
391 997867.17916
409 997867.17916
445 997867.17916
529 997867.17916
610 997867.17916
714 997867.17916
810 997867.17916
26 997862.493893
92 997862.493893
209 997862.493893
249 997862.493893
314 997862.493893
377 997862.493893
548 997862.493893
619 997862.493893
661 997862.493893
220 997857.808625
250 997857.808625
885 997857.808625
933 997857.808625
67 997857.808625
91 997857.808625
448 997857.808625
492 997857.808625
493 997857.808625
502 997857.808625
562 997857.808625
611 997857.808625
783 997857.808625
39 997853.123358
94 997853.123358
156 997853.123358
303 997853.123358
429 997853.123358
449 997853.123358
798 997853.123358
836 997853.123358
871 997853.123358
96 997848.438091
451 997848.438091
550 997848.438091
664 997848.438091
792 997848.438091
354 997843.752824
72 997843.752824
102 997843.752824
188 997843.752824
513 997843.752824
519 997843.752824
680 997843.752824
147 997839.067556
360 997839.067556
725 997839.067556
750 997839.067556
806 997839.067556
430 997834.382289
471 997834.382289
695 997834.382289
811 997834.382289
848 997834.382289
140 997829.697022
309 997829.697022
436 997829.697022
458 997829.697022
721 997829.697022
754 997829.697022
823 997829.697022
200 997825.011755
373 997825.011755
769 997825.011755
849 997825.011755
887 997825.011755
71 997820.326487
219 997820.326487
246 997820.326487
987 997820.326487
964 997815.64122
55 997815.64122
95 997815.64122
259 997815.64122
283 997815.64122
374 997815.64122
837 997815.64122
883 997815.64122
90 997806.270686
300 997806.270686
544 997806.270686
554 997806.270686
33 997801.585418
179 997801.585418
187 997796.900151
590 997796.900151
75 997792.214884
137 997792.214884
816 997792.214884
379 997787.529617
976 997782.844349
723 997782.844349
774 997782.844349
177 997773.473815
123 997764.103281
637 997745.362212
807 997745.362212
0 997740.676944
536 997740.676944
To print the outlier:0.1337594985961914
